  16  84  15                                                            DATA1010
   1   4   9  14  17  22  30  38  43  48  56  64  69  72  77            DATA1020
  82                                                                    DATA1030
   2   5   6   1   3   5   6   7   2   4   6   7   8   3   7            DATA1040
   8   1   2   6   9  10   1   2   3   5   7   9  10  11   2            DATA1050
   3   4   6   8  10  11  12   3   4   7  11  12   5   6  10            DATA1060
  13  14   5   6   7   9  11  13  14  15   6   7   8  10  12            DATA1070
  14  15  16   7   8  11  15  16   9  10  14   9  10  11  13            DATA1080
  15  10  11  12  14  16  11  12  15                                    DATA1090
   9  12   6   9   6   3   3   4   6   7   3  10   2   7   3            DATA1100
   9  12   3   6  10   5   6   3   3   6   7   4   1   5   4            DATA1110
  10   3   7  12   6   2   5   2   9  12  10   7  10   4   5            DATA1120
   3   3   5   1   6   5   4   8   2   3   5   2  10   4   3            DATA1130
   6   7   3   5   7   3   4   6   3   8   6   3   2   6   6            DATA1140
   1   3   7   4   1  10   3   6  10                                    DATA1150
   8  26  10                                                            DATA2010
   1   5   9  12  15  19  21  24                                        DATA2020
   2   3   7   5   3   1   5   4   6   1   2   2   5   8   1            DATA2030
   2   4   8   3   7   6   1   8   7   5   4                            DATA2040
   4   4   3   1   1   4   3   3   3   4   1   3   4   2   1            DATA2050
   3   4   1   3   4   4   3   2   2   1   2                            DATA2060
