o1=[
  0.000000E+00  4.016330E-08  2.108403E-07  6.123994E-07  1.345194E-06
  2.509555E-06  4.205788E-06  6.534164E-06  9.594914E-06  1.348823E-05
  1.831423E-05  2.417301E-05  3.116458E-05  3.938888E-05  4.894579E-05
  5.993508E-05  7.245646E-05  8.660955E-05  1.024939E-04  1.202089E-04
  1.398541E-04  1.615291E-04  1.853345E-04  2.113731E-04  2.397554E-04
  2.706127E-04  3.041124E-04  3.404263E-04  3.796972E-04  4.220509E-04
  4.676063E-04  5.164794E-04  5.687851E-04  6.246378E-04  6.841514E-04
  7.474393E-04  8.146148E-04  8.857906E-04  9.610796E-04  1.040594E-03
  1.124445E-03  1.212745E-03  1.305604E-03  1.403134E-03  1.505445E-03
  1.612646E-03  1.724846E-03  1.842150E-03  1.964656E-03  2.092442E-03
  2.225535E-03  2.363878E-03  2.507416E-03  2.656172E-03  2.810209E-03
  2.969602E-03  3.134437E-03  3.304796E-03  3.480765E-03  3.662430E-03
  3.849874E-03  4.043184E-03  4.242443E-03  4.447734E-03  4.659142E-03
  4.876751E-03  5.100641E-03  5.330898E-03  5.567602E-03  5.810836E-03
  6.060681E-03  6.317222E-03  6.580541E-03  6.850734E-03  7.127913E-03
  7.412253E-03  7.704015E-03  8.003443E-03  8.310698E-03  8.625897E-03
  8.949137E-03  9.280514E-03  9.620115E-03  9.968031E-03  1.032435E-02
  1.068916E-02  1.106254E-02  1.144458E-02  1.183537E-02  1.223498E-02
  1.264352E-02  1.306104E-02  1.348765E-02  1.392341E-02  1.436842E-02
  1.482275E-02  1.528648E-02  1.575968E-02  1.624242E-02  1.673475E-02
  1.723666E-02  1.774808E-02  1.826896E-02  1.879929E-02  1.933913E-02
  1.988855E-02  2.044760E-02  2.101634E-02  2.159485E-02  2.218319E-02
  2.278141E-02  2.338960E-02  2.400780E-02  2.463608E-02  2.527450E-02
  2.592312E-02  2.658200E-02  2.725121E-02  2.793079E-02  2.862082E-02
  2.932134E-02  3.003241E-02  3.075410E-02  3.148646E-02  3.222957E-02
  3.298352E-02  3.374845E-02  3.452448E-02  3.531168E-02  3.611013E-02
  3.691988E-02  3.774097E-02  3.857347E-02  3.941742E-02  4.027288E-02
  4.113988E-02  4.201848E-02  4.290874E-02  4.381068E-02  4.472436E-02
  4.564983E-02  4.658712E-02  4.753628E-02  4.849736E-02  4.947039E-02
  5.045541E-02  5.145247E-02  5.246160E-02  5.348285E-02  5.451626E-02
  5.556187E-02  5.661976E-02  5.768997E-02  5.877255E-02  5.986753E-02
  6.097495E-02  6.209484E-02  6.322723E-02  6.437215E-02  6.552963E-02
  6.669970E-02  6.788238E-02  6.907771E-02  7.028571E-02  7.150640E-02
  7.273979E-02  7.398594E-02  7.524485E-02  7.651654E-02  7.780103E-02
  7.909834E-02  8.040851E-02  8.173151E-02  8.306739E-02  8.441615E-02
  8.577776E-02  8.715218E-02  8.853938E-02  8.993936E-02  9.135213E-02
  9.277769E-02  9.421605E-02  9.566722E-02  9.713122E-02  9.860804E-02
  1.000977E-01  1.016002E-01  1.031155E-01  1.046437E-01  1.061848E-01
  1.077387E-01  1.093054E-01  1.108850E-01  1.124775E-01  1.140828E-01
  1.157010E-01  1.173320E-01  1.189759E-01  1.206327E-01  1.223023E-01
  1.239848E-01  1.256803E-01  1.273889E-01  1.291106E-01  1.308453E-01
  1.325931E-01  1.343539E-01  1.361277E-01  1.379146E-01  1.397144E-01
  1.415273E-01  1.433531E-01  1.451918E-01  1.470435E-01  1.489081E-01
  1.507856E-01  1.526759E-01  1.545791E-01  1.564951E-01  1.584239E-01
  1.603654E-01  1.623197E-01  1.642867E-01  1.662663E-01  1.682586E-01
  1.702635E-01  1.722807E-01  1.743103E-01  1.763522E-01  1.784063E-01
  1.804726E-01  1.825512E-01  1.846418E-01  1.867446E-01  1.888595E-01
  1.909864E-01  1.931253E-01  1.952762E-01  1.974390E-01  1.996136E-01
  2.018002E-01  2.039985E-01  2.062086E-01  2.084305E-01  2.106640E-01
  2.129092E-01  2.151659E-01  2.174342E-01  2.197141E-01  2.220055E-01
  2.243085E-01  2.266233E-01  2.289499E-01  2.312884E-01  2.336386E-01
  2.360006E-01  2.383743E-01  2.407596E-01  2.431564E-01  2.455647E-01
  2.479844E-01  2.504155E-01  2.528579E-01  2.553114E-01  2.577761E-01
  2.602519E-01  2.627387E-01  2.652364E-01  2.677450E-01  2.702643E-01
  2.727943E-01  2.753349E-01  2.778861E-01  2.804475E-01  2.830190E-01
  2.856000E-01  2.881895E-01  2.907870E-01  2.933922E-01  2.960052E-01
  2.986257E-01  3.012539E-01  3.038895E-01  3.065327E-01  3.091834E-01
  3.118415E-01  3.145070E-01  3.171799E-01  3.198602E-01  3.225477E-01
  3.252426E-01  3.279447E-01  3.306540E-01  3.333706E-01  3.360942E-01
  3.388250E-01  3.415629E-01  3.443078E-01  3.470595E-01  3.498177E-01
  3.525817E-01  3.553503E-01  3.581231E-01  3.608996E-01  3.636799E-01
  3.664639E-01  3.692515E-01  3.720429E-01  3.748379E-01  3.776366E-01
  3.804390E-01  3.832452E-01  3.860550E-01  3.888685E-01  3.916858E-01
  3.945068E-01  3.973314E-01  4.001598E-01  4.029920E-01  4.058278E-01
  4.086674E-01  4.115108E-01  4.143579E-01  4.172089E-01  4.200638E-01
  4.229231E-01  4.257872E-01  4.286565E-01  4.315310E-01  4.344107E-01
  4.372958E-01  4.401861E-01  4.430816E-01  4.459825E-01  4.488886E-01
  4.518000E-01  4.547166E-01  4.576384E-01  4.605655E-01  4.634978E-01
  4.664353E-01  4.693781E-01  4.723261E-01  4.752792E-01  4.782376E-01
  4.812011E-01  4.841698E-01  4.871437E-01  4.901226E-01  4.931065E-01
  4.960949E-01  4.990874E-01  5.020837E-01  5.050837E-01  5.080873E-01
  5.110946E-01  5.141055E-01  5.171201E-01  5.201383E-01  5.231602E-01
  5.261858E-01  5.292150E-01  5.322479E-01  5.352845E-01  5.383247E-01
  5.413686E-01  5.444162E-01  5.474675E-01  5.505224E-01  5.535811E-01
  5.566435E-01  5.597095E-01  5.627794E-01  5.658531E-01  5.689307E-01
  5.720129E-01  5.751002E-01  5.781929E-01  5.812911E-01  5.843948E-01
  5.875041E-01  5.906190E-01  5.937394E-01  5.968654E-01  5.999969E-01
  6.031339E-01  6.062765E-01  6.094245E-01  6.125781E-01  6.157371E-01
  6.189017E-01  6.220717E-01  6.252472E-01  6.284281E-01  6.316145E-01
  6.348064E-01  6.380037E-01  6.412066E-01  6.444151E-01  6.476297E-01
  6.508516E-01  6.540819E-01  6.573213E-01  6.605698E-01  6.638277E-01
  6.670946E-01  6.703706E-01  6.736556E-01  6.769494E-01  6.802521E-01
  6.835634E-01  6.868833E-01  6.902118E-01  6.935486E-01  6.968936E-01
  7.002469E-01  7.036083E-01  7.069776E-01  7.103549E-01  7.137398E-01
  7.171325E-01  7.205327E-01  7.239404E-01  7.273554E-01  7.307774E-01
  7.342062E-01  7.376414E-01  7.410828E-01  7.445302E-01  7.479836E-01
  7.514428E-01  7.549080E-01  7.583787E-01  7.618552E-01  7.653373E-01
  7.688249E-01  7.723179E-01  7.758163E-01  7.793200E-01  7.828289E-01
  7.863430E-01  7.898621E-01  7.933862E-01  7.969153E-01  8.004491E-01
  8.039878E-01  8.075312E-01  8.110791E-01  8.146317E-01  8.181887E-01
  8.217502E-01  8.253161E-01  8.288865E-01  8.324611E-01  8.360400E-01
  8.396230E-01  8.432100E-01  8.468010E-01  8.503959E-01  8.539946E-01
  8.575969E-01  8.612029E-01  8.648124E-01  8.684253E-01  8.720415E-01
  8.756610E-01  8.792837E-01  8.829094E-01  8.865380E-01  8.901696E-01
  8.938039E-01  8.974410E-01  9.010806E-01  9.047228E-01  9.083674E-01
  9.120143E-01  9.156635E-01  9.193148E-01  9.229681E-01  9.266235E-01
  9.302807E-01  9.339398E-01  9.376004E-01  9.412627E-01  9.449265E-01
  9.485917E-01  9.522582E-01  9.559259E-01  9.595948E-01  9.632648E-01
  9.669356E-01  9.706074E-01  9.742799E-01  9.779530E-01  9.816267E-01
  9.853010E-01  9.889756E-01  9.926505E-01  9.963256E-01  1.000001E+00
]';
x1=o1(:);
o2=[
  0.000000E+00  6.471486E-06  2.588532E-05  5.823999E-05  1.035332E-04
  1.617619E-04  2.329221E-04  3.170094E-04  4.140182E-04  5.239423E-04
  6.467749E-04  7.825083E-04  9.311337E-04  1.092642E-03  1.267023E-03
  1.454266E-03  1.654360E-03  1.867291E-03  2.093048E-03  2.331615E-03
  2.582978E-03  2.847122E-03  3.124030E-03  3.413686E-03  3.716069E-03
  4.031158E-03  4.358925E-03  4.699342E-03  5.052381E-03  5.418012E-03
  5.796209E-03  6.186941E-03  6.590180E-03  7.005893E-03  7.434049E-03
  7.874615E-03  8.327557E-03  8.792839E-03  9.270426E-03  9.760280E-03
  1.026236E-02  1.077664E-02  1.130306E-02  1.184159E-02  1.239219E-02
  1.295481E-02  1.352941E-02  1.411594E-02  1.471437E-02  1.532464E-02
  1.594673E-02  1.658064E-02  1.722634E-02  1.788381E-02  1.855303E-02
  1.923394E-02  1.992651E-02  2.063070E-02  2.134647E-02  2.207376E-02
  2.281255E-02  2.356278E-02  2.432440E-02  2.509738E-02  2.588167E-02
  2.667722E-02  2.748397E-02  2.830190E-02  2.913093E-02  2.997104E-02
  3.082216E-02  3.168424E-02  3.255724E-02  3.344109E-02  3.433573E-02
  3.524109E-02  3.615704E-02  3.708347E-02  3.802030E-02  3.896745E-02
  3.992485E-02  4.089241E-02  4.187009E-02  4.285781E-02  4.385548E-02
  4.486305E-02  4.588043E-02  4.690756E-02  4.794436E-02  4.899075E-02
  5.004665E-02  5.111200E-02  5.218671E-02  5.327070E-02  5.436390E-02
  5.546622E-02  5.657759E-02  5.769792E-02  5.882715E-02  5.996519E-02
  6.111201E-02  6.226758E-02  6.343190E-02  6.460489E-02  6.578652E-02
  6.697669E-02  6.817533E-02  6.938237E-02  7.059773E-02  7.182133E-02
  7.305310E-02  7.429295E-02  7.554080E-02  7.679658E-02  7.806020E-02
  7.933159E-02  8.061066E-02  8.189733E-02  8.319152E-02  8.449315E-02
  8.580213E-02  8.711837E-02  8.844180E-02  8.977233E-02  9.110985E-02
  9.245427E-02  9.380544E-02  9.516324E-02  9.652757E-02  9.789833E-02
  9.927541E-02  1.006587E-01  1.020482E-01  1.034437E-01  1.048452E-01
  1.062525E-01  1.076656E-01  1.090844E-01  1.105087E-01  1.119385E-01
  1.133737E-01  1.148142E-01  1.162598E-01  1.177106E-01  1.191663E-01
  1.206269E-01  1.220923E-01  1.235624E-01  1.250371E-01  1.265163E-01
  1.279999E-01  1.294877E-01  1.309797E-01  1.324756E-01  1.339756E-01
  1.354793E-01  1.369867E-01  1.384978E-01  1.400124E-01  1.415304E-01
  1.430517E-01  1.445762E-01  1.461038E-01  1.476344E-01  1.491678E-01
  1.507041E-01  1.522430E-01  1.537845E-01  1.553284E-01  1.568747E-01
  1.584232E-01  1.599739E-01  1.615266E-01  1.630812E-01  1.646377E-01
  1.661959E-01  1.677558E-01  1.693174E-01  1.708805E-01  1.724451E-01
  1.740110E-01  1.755781E-01  1.771464E-01  1.787157E-01  1.802859E-01
  1.818570E-01  1.834288E-01  1.850012E-01  1.865741E-01  1.881474E-01
  1.897210E-01  1.912948E-01  1.928687E-01  1.944426E-01  1.960164E-01
  1.975899E-01  1.991631E-01  2.007359E-01  2.023081E-01  2.038797E-01
  2.054504E-01  2.070201E-01  2.085885E-01  2.101557E-01  2.117213E-01
  2.132854E-01  2.148477E-01  2.164083E-01  2.179669E-01  2.195235E-01
  2.210780E-01  2.226303E-01  2.241802E-01  2.257276E-01  2.272725E-01
  2.288147E-01  2.303541E-01  2.318906E-01  2.334241E-01  2.349545E-01
  2.364817E-01  2.380056E-01  2.395260E-01  2.410430E-01  2.425563E-01
  2.440660E-01  2.455720E-01  2.470745E-01  2.485731E-01  2.500680E-01
  2.515589E-01  2.530459E-01  2.545287E-01  2.560073E-01  2.574816E-01
  2.589515E-01  2.604170E-01  2.618778E-01  2.633339E-01  2.647852E-01
  2.662316E-01  2.676731E-01  2.691094E-01  2.705406E-01  2.719665E-01
  2.733870E-01  2.748021E-01  2.762116E-01  2.776154E-01  2.790133E-01
  2.804050E-01  2.817900E-01  2.831682E-01  2.845392E-01  2.859029E-01
  2.872592E-01  2.886080E-01  2.899493E-01  2.912828E-01  2.926085E-01
  2.939263E-01  2.952361E-01  2.965378E-01  2.978313E-01  2.991165E-01
  3.003932E-01  3.016615E-01  3.029212E-01  3.041722E-01  3.054143E-01
  3.066477E-01  3.078721E-01  3.090875E-01  3.102940E-01  3.114920E-01
  3.126827E-01  3.138677E-01  3.150480E-01  3.162242E-01  3.173962E-01
  3.185641E-01  3.197280E-01  3.208877E-01  3.220432E-01  3.231945E-01
  3.243416E-01  3.254843E-01  3.266228E-01  3.277568E-01  3.288864E-01
  3.300116E-01  3.311323E-01  3.322485E-01  3.333601E-01  3.344671E-01
  3.355694E-01  3.366672E-01  3.377604E-01  3.388492E-01  3.399346E-01
  3.410182E-01  3.421027E-01  3.431898E-01  3.442802E-01  3.453740E-01
  3.464714E-01  3.475724E-01  3.486769E-01  3.497851E-01  3.508970E-01
  3.520125E-01  3.531317E-01  3.542545E-01  3.553810E-01  3.565112E-01
  3.576451E-01  3.587826E-01  3.599239E-01  3.610689E-01  3.622176E-01
  3.633700E-01  3.645262E-01  3.656860E-01  3.668494E-01  3.680159E-01
  3.691848E-01  3.703547E-01  3.715251E-01  3.726955E-01  3.738660E-01
  3.750364E-01  3.762067E-01  3.773769E-01  3.785471E-01  3.797171E-01
  3.808870E-01  3.820568E-01  3.832264E-01  3.843959E-01  3.855653E-01
  3.867344E-01  3.879035E-01  3.890722E-01  3.902409E-01  3.914093E-01
  3.925775E-01  3.937455E-01  3.949134E-01  3.960813E-01  3.972496E-01
  3.984192E-01  3.995913E-01  4.007667E-01  4.019456E-01  4.031282E-01
  4.043144E-01  4.055043E-01  4.066980E-01  4.078954E-01  4.090965E-01
  4.103014E-01  4.115100E-01  4.127223E-01  4.139385E-01  4.151584E-01
  4.163820E-01  4.176095E-01  4.188408E-01  4.200759E-01  4.213148E-01
  4.225575E-01  4.238040E-01  4.250543E-01  4.263081E-01  4.275649E-01
  4.288237E-01  4.300830E-01  4.313420E-01  4.326004E-01  4.338580E-01
  4.351148E-01  4.363708E-01  4.376259E-01  4.388801E-01  4.401335E-01
  4.413860E-01  4.426377E-01  4.438884E-01  4.451382E-01  4.463870E-01
  4.476349E-01  4.488818E-01  4.501278E-01  4.513727E-01  4.526167E-01
  4.538596E-01  4.551014E-01  4.563419E-01  4.575807E-01  4.588164E-01
  4.600463E-01  4.612669E-01  4.624764E-01  4.636739E-01  4.648593E-01
  4.660323E-01  4.671929E-01  4.683408E-01  4.694761E-01  4.705987E-01
  4.717084E-01  4.728054E-01  4.738894E-01  4.749603E-01  4.760182E-01
  4.770630E-01  4.780946E-01  4.791129E-01  4.801179E-01  4.811095E-01
  4.820876E-01  4.830523E-01  4.840034E-01  4.849411E-01  4.858658E-01
  4.867783E-01  4.876794E-01  4.885698E-01  4.894496E-01  4.903188E-01
  4.911774E-01  4.920254E-01  4.928628E-01  4.936894E-01  4.945053E-01
  4.953104E-01  4.961047E-01  4.968882E-01  4.976608E-01  4.984225E-01
  4.991732E-01  4.999129E-01  5.006416E-01  5.013593E-01  5.020660E-01
  5.027614E-01  5.034457E-01  5.041189E-01  5.047807E-01  5.054311E-01
  5.060697E-01  5.066962E-01  5.073105E-01  5.079124E-01  5.085019E-01
  5.090789E-01  5.096434E-01  5.101954E-01  5.107349E-01  5.112618E-01
  5.117761E-01  5.122777E-01  5.127667E-01  5.132431E-01  5.137067E-01
  5.141576E-01  5.145957E-01  5.150211E-01  5.154337E-01  5.158335E-01
  5.162205E-01  5.165945E-01  5.169558E-01  5.173041E-01  5.176395E-01
  5.179620E-01  5.182716E-01  5.185683E-01  5.188519E-01  5.191227E-01
  5.193803E-01  5.196251E-01  5.198568E-01  5.200754E-01  5.202811E-01
  5.204737E-01  5.206532E-01  5.208196E-01  5.209730E-01  5.211133E-01
  5.212405E-01  5.213547E-01  5.214557E-01  5.215436E-01  5.216184E-01
  5.216801E-01  5.217287E-01  5.217642E-01  5.217865E-01  5.217957E-01
]';
x2=o2(:);
o3=[
  0.000000E+00  3.597634E-03  7.195182E-03  1.079259E-02  1.438980E-02
  1.798677E-02  2.158342E-02  2.517973E-02  2.877562E-02  3.237105E-02
  3.596596E-02  3.956029E-02  4.315400E-02  4.674702E-02  5.033932E-02
  5.393082E-02  5.752147E-02  6.111123E-02  6.470004E-02  6.828784E-02
  7.187459E-02  7.546022E-02  7.904468E-02  8.262791E-02  8.620984E-02
  8.979040E-02  9.336943E-02  9.694681E-02  1.005224E-01  1.040962E-01
  1.076681E-01  1.112380E-01  1.148057E-01  1.183714E-01  1.219348E-01
  1.254959E-01  1.290547E-01  1.326110E-01  1.361648E-01  1.397160E-01
  1.432645E-01  1.468103E-01  1.503533E-01  1.538934E-01  1.574305E-01
  1.609646E-01  1.644956E-01  1.680235E-01  1.715480E-01  1.750694E-01
  1.785874E-01  1.821024E-01  1.856143E-01  1.891233E-01  1.926293E-01
  1.961323E-01  1.996322E-01  2.031290E-01  2.066227E-01  2.101131E-01
  2.136003E-01  2.170842E-01  2.205648E-01  2.240419E-01  2.275156E-01
  2.309858E-01  2.344524E-01  2.379155E-01  2.413750E-01  2.448307E-01
  2.482827E-01  2.517310E-01  2.551754E-01  2.586159E-01  2.620524E-01
  2.654848E-01  2.689128E-01  2.723361E-01  2.757546E-01  2.791682E-01
  2.825769E-01  2.859805E-01  2.893790E-01  2.927723E-01  2.961604E-01
  2.995431E-01  3.029206E-01  3.062925E-01  3.096590E-01  3.130200E-01
  3.163753E-01  3.197249E-01  3.230687E-01  3.264068E-01  3.297390E-01
  3.330652E-01  3.363855E-01  3.396997E-01  3.430077E-01  3.463097E-01
  3.496055E-01  3.528954E-01  3.561794E-01  3.594576E-01  3.627300E-01
  3.659964E-01  3.692569E-01  3.725114E-01  3.757598E-01  3.790022E-01
  3.822384E-01  3.854684E-01  3.886922E-01  3.919096E-01  3.951207E-01
  3.983255E-01  4.015238E-01  4.047155E-01  4.079008E-01  4.110794E-01
  4.142514E-01  4.174168E-01  4.205753E-01  4.237271E-01  4.268720E-01
  4.300099E-01  4.331407E-01  4.362642E-01  4.393804E-01  4.424891E-01
  4.455904E-01  4.486842E-01  4.517703E-01  4.548488E-01  4.579196E-01
  4.609827E-01  4.640379E-01  4.670854E-01  4.701249E-01  4.731565E-01
  4.761800E-01  4.791955E-01  4.822029E-01  4.852022E-01  4.881932E-01
  4.911760E-01  4.941505E-01  4.971166E-01  5.000743E-01  5.030235E-01
  5.059642E-01  5.088962E-01  5.118196E-01  5.147342E-01  5.176399E-01
  5.205368E-01  5.234248E-01  5.263038E-01  5.291737E-01  5.320346E-01
  5.348864E-01  5.377290E-01  5.405623E-01  5.433863E-01  5.462011E-01
  5.490065E-01  5.518025E-01  5.545889E-01  5.573659E-01  5.601333E-01
  5.628911E-01  5.656392E-01  5.683776E-01  5.711063E-01  5.738252E-01
  5.765343E-01  5.792337E-01  5.819234E-01  5.846033E-01  5.872735E-01
  5.899339E-01  5.925844E-01  5.952250E-01  5.978557E-01  6.004764E-01
  6.030871E-01  6.056877E-01  6.082782E-01  6.108586E-01  6.134287E-01
  6.159887E-01  6.185383E-01  6.210777E-01  6.236066E-01  6.261252E-01
  6.286333E-01  6.311309E-01  6.336181E-01  6.360946E-01  6.385604E-01
  6.410155E-01  6.434595E-01  6.458925E-01  6.483142E-01  6.507246E-01
  6.531238E-01  6.555116E-01  6.578879E-01  6.602529E-01  6.626063E-01
  6.649482E-01  6.672785E-01  6.695971E-01  6.719042E-01  6.741995E-01
  6.764831E-01  6.787549E-01  6.810148E-01  6.832629E-01  6.854991E-01
  6.877234E-01  6.899356E-01  6.921359E-01  6.943241E-01  6.965002E-01
  6.986644E-01  7.008168E-01  7.029573E-01  7.050860E-01  7.072029E-01
  7.093080E-01  7.114013E-01  7.134826E-01  7.155520E-01  7.176094E-01
  7.196549E-01  7.216883E-01  7.237096E-01  7.257188E-01  7.277159E-01
  7.297008E-01  7.316735E-01  7.336340E-01  7.355822E-01  7.375182E-01
  7.394418E-01  7.413530E-01  7.432517E-01  7.451381E-01  7.470118E-01
  7.488725E-01  7.507197E-01  7.525532E-01  7.543728E-01  7.561784E-01
  7.579699E-01  7.597474E-01  7.615107E-01  7.632598E-01  7.649948E-01
  7.667155E-01  7.684219E-01  7.701140E-01  7.717918E-01  7.734552E-01
  7.751042E-01  7.767387E-01  7.783588E-01  7.799643E-01  7.815553E-01
  7.831318E-01  7.846937E-01  7.862410E-01  7.877741E-01  7.892934E-01
  7.908005E-01  7.922975E-01  7.937859E-01  7.952662E-01  7.967386E-01
  7.982032E-01  7.996599E-01  8.011088E-01  8.025500E-01  8.039832E-01
  8.054087E-01  8.068263E-01  8.082361E-01  8.096380E-01  8.110320E-01
  8.124182E-01  8.137964E-01  8.151668E-01  8.165293E-01  8.178840E-01
  8.192307E-01  8.205696E-01  8.219007E-01  8.232245E-01  8.245417E-01
  8.258550E-01  8.271671E-01  8.284804E-01  8.297954E-01  8.311125E-01
  8.324319E-01  8.337534E-01  8.350772E-01  8.364032E-01  8.377315E-01
  8.390620E-01  8.403947E-01  8.417298E-01  8.430670E-01  8.444065E-01
  8.457482E-01  8.470922E-01  8.484384E-01  8.497869E-01  8.511376E-01
  8.524905E-01  8.538457E-01  8.552029E-01  8.565622E-01  8.579230E-01
  8.592843E-01  8.606448E-01  8.620036E-01  8.633603E-01  8.647150E-01
  8.660674E-01  8.674177E-01  8.687657E-01  8.701116E-01  8.714553E-01
  8.727967E-01  8.741359E-01  8.754730E-01  8.768077E-01  8.781404E-01
  8.794708E-01  8.807990E-01  8.821250E-01  8.834488E-01  8.847704E-01
  8.860897E-01  8.874069E-01  8.887221E-01  8.900352E-01  8.913468E-01
  8.926580E-01  8.939701E-01  8.952840E-01  8.965998E-01  8.979178E-01
  8.992379E-01  9.005602E-01  9.018847E-01  9.032114E-01  9.045402E-01
  9.058712E-01  9.072044E-01  9.085398E-01  9.098774E-01  9.112172E-01
  9.125591E-01  9.139032E-01  9.152495E-01  9.165980E-01  9.179486E-01
  9.193014E-01  9.206563E-01  9.220133E-01  9.233721E-01  9.247323E-01
  9.260926E-01  9.274514E-01  9.288079E-01  9.301617E-01  9.315127E-01
  9.328610E-01  9.342064E-01  9.355489E-01  9.368886E-01  9.382255E-01
  9.395595E-01  9.408907E-01  9.422191E-01  9.435445E-01  9.448672E-01
  9.461870E-01  9.475039E-01  9.488180E-01  9.501292E-01  9.514375E-01
  9.527430E-01  9.540455E-01  9.553449E-01  9.566407E-01  9.579315E-01
  9.592146E-01  9.604862E-01  9.617446E-01  9.629890E-01  9.642192E-01
  9.654350E-01  9.666363E-01  9.678231E-01  9.689955E-01  9.701533E-01
  9.712965E-01  9.724252E-01  9.735392E-01  9.746387E-01  9.757236E-01
  9.767938E-01  9.778492E-01  9.788901E-01  9.799162E-01  9.809276E-01
  9.819242E-01  9.829062E-01  9.838734E-01  9.848260E-01  9.857645E-01
  9.866897E-01  9.876026E-01  9.885038E-01  9.893934E-01  9.902715E-01
  9.911382E-01  9.919934E-01  9.928371E-01  9.936693E-01  9.944901E-01
  9.952993E-01  9.960971E-01  9.968833E-01  9.976581E-01  9.984212E-01
  9.991729E-01  9.999129E-01  1.000641E+00  1.001358E+00  1.002064E+00
  1.002758E+00  1.003440E+00  1.004110E+00  1.004769E+00  1.005416E+00
  1.006051E+00  1.006674E+00  1.007284E+00  1.007881E+00  1.008466E+00
  1.009038E+00  1.009597E+00  1.010144E+00  1.010678E+00  1.011199E+00
  1.011708E+00  1.012203E+00  1.012686E+00  1.013157E+00  1.013614E+00
  1.014059E+00  1.014491E+00  1.014910E+00  1.015316E+00  1.015710E+00
  1.016091E+00  1.016459E+00  1.016814E+00  1.017157E+00  1.017487E+00
  1.017804E+00  1.018108E+00  1.018399E+00  1.018677E+00  1.018943E+00
  1.019196E+00  1.019436E+00  1.019663E+00  1.019878E+00  1.020079E+00
  1.020268E+00  1.020444E+00  1.020607E+00  1.020758E+00  1.020895E+00
  1.021020E+00  1.021131E+00  1.021230E+00  1.021316E+00  1.021390E+00
  1.021450E+00  1.021498E+00  1.021532E+00  1.021554E+00  1.021563E+00
]';
x3=o3(:);
o4=[
  1.568468E+00  1.564590E+00  1.560712E+00  1.556835E+00  1.552957E+00
  1.549079E+00  1.545201E+00  1.541324E+00  1.537446E+00  1.533568E+00
  1.529690E+00  1.525813E+00  1.521935E+00  1.518057E+00  1.514179E+00
  1.510301E+00  1.506424E+00  1.502546E+00  1.498668E+00  1.494790E+00
  1.490910E+00  1.487028E+00  1.483139E+00  1.479231E+00  1.475270E+00
  1.471165E+00  1.466809E+00  1.462323E+00  1.457789E+00  1.453237E+00
  1.448679E+00  1.444119E+00  1.439558E+00  1.434996E+00  1.430435E+00
  1.425873E+00  1.421311E+00  1.416750E+00  1.412188E+00  1.407626E+00
  1.403065E+00  1.398503E+00  1.393942E+00  1.389380E+00  1.384819E+00
  1.380260E+00  1.375703E+00  1.371156E+00  1.366635E+00  1.362183E+00
  1.357920E+00  1.353971E+00  1.350175E+00  1.346437E+00  1.342720E+00
  1.339010E+00  1.335304E+00  1.331598E+00  1.327892E+00  1.324187E+00
  1.320482E+00  1.316777E+00  1.313071E+00  1.309366E+00  1.305661E+00
  1.301956E+00  1.298251E+00  1.294545E+00  1.290840E+00  1.287134E+00
  1.283427E+00  1.279718E+00  1.276001E+00  1.272264E+00  1.268471E+00
  1.264527E+00  1.260348E+00  1.256057E+00  1.251725E+00  1.247377E+00
  1.243025E+00  1.238670E+00  1.234314E+00  1.229959E+00  1.225603E+00
  1.221247E+00  1.216891E+00  1.212535E+00  1.208179E+00  1.203823E+00
  1.199467E+00  1.195111E+00  1.190755E+00  1.186399E+00  1.182044E+00
  1.177689E+00  1.173336E+00  1.168988E+00  1.164654E+00  1.160359E+00
  1.156168E+00  1.152131E+00  1.148163E+00  1.144221E+00  1.140289E+00
  1.136360E+00  1.132433E+00  1.128506E+00  1.124579E+00  1.120652E+00
  1.116725E+00  1.112799E+00  1.108872E+00  1.104945E+00  1.101018E+00
  1.097092E+00  1.093165E+00  1.089238E+00  1.085311E+00  1.081384E+00
  1.077457E+00  1.073529E+00  1.069598E+00  1.065661E+00  1.061706E+00
  1.057702E+00  1.053631E+00  1.049530E+00  1.045419E+00  1.041303E+00
  1.037186E+00  1.033068E+00  1.028950E+00  1.024832E+00  1.020714E+00
  1.016596E+00  1.012478E+00  1.008360E+00  1.004242E+00  1.000124E+00
  9.960060E-01  9.918880E-01  9.877700E-01  9.836519E-01  9.795339E-01
  9.754157E-01  9.712973E-01  9.671781E-01  9.630570E-01  9.589304E-01
  9.547895E-01  9.506299E-01  9.464622E-01  9.422916E-01  9.381198E-01
  9.339477E-01  9.297755E-01  9.256032E-01  9.214308E-01  9.172585E-01
  9.130862E-01  9.089138E-01  9.047415E-01  9.005691E-01  8.963968E-01
  8.922244E-01  8.880521E-01  8.838798E-01  8.797075E-01  8.755352E-01
  8.713633E-01  8.671919E-01  8.630221E-01  8.588567E-01  8.547032E-01
  8.505815E-01  8.464984E-01  8.424315E-01  8.383704E-01  8.343116E-01
  8.302535E-01  8.261958E-01  8.221382E-01  8.180806E-01  8.140230E-01
  8.099654E-01  8.059078E-01  8.018503E-01  7.977927E-01  7.937351E-01
  7.896775E-01  7.856199E-01  7.815623E-01  7.775047E-01  7.734469E-01
  7.693888E-01  7.653297E-01  7.612681E-01  7.571994E-01  7.531117E-01
  7.489738E-01  7.447788E-01  7.405604E-01  7.363335E-01  7.321034E-01
  7.278722E-01  7.236406E-01  7.194088E-01  7.151769E-01  7.109450E-01
  7.067131E-01  7.024813E-01  6.982494E-01  6.940175E-01  6.897856E-01
  6.855537E-01  6.813218E-01  6.770900E-01  6.728582E-01  6.686265E-01
  6.643952E-01  6.601648E-01  6.559371E-01  6.517166E-01  6.475159E-01
  6.433662E-01  6.392710E-01  6.351976E-01  6.311322E-01  6.270697E-01
  6.230084E-01  6.189473E-01  6.148865E-01  6.108257E-01  6.067649E-01
  6.027042E-01  5.986434E-01  5.945826E-01  5.905219E-01  5.864611E-01
  5.824003E-01  5.783395E-01  5.742787E-01  5.702177E-01  5.661563E-01
  5.620940E-01  5.580290E-01  5.539566E-01  5.498641E-01  5.457168E-01
  5.414302E-01  5.370041E-01  5.325233E-01  5.280223E-01  5.235140E-01
  5.190031E-01  5.144911E-01  5.099788E-01  5.054663E-01  5.009537E-01
  4.964412E-01  4.919286E-01  4.874161E-01  4.829035E-01  4.783910E-01
  4.738785E-01  4.693661E-01  4.648539E-01  4.603424E-01  4.558327E-01
  4.513280E-01  4.468367E-01  4.423822E-01  4.380277E-01  4.339457E-01
  4.305452E-01  4.277832E-01  4.252676E-01  4.228425E-01  4.204507E-01
  4.180710E-01  4.156959E-01  4.133223E-01  4.109494E-01  4.085767E-01
  4.062041E-01  4.038315E-01  4.014589E-01  3.990864E-01  3.967138E-01
  3.943413E-01  3.919689E-01  3.895969E-01  3.872260E-01  3.848577E-01
  3.824968E-01  3.801561E-01  3.778703E-01  3.757341E-01  3.740055E-01
  3.732747E-01  3.734194E-01  3.738976E-01  3.744983E-01  3.751439E-01
  3.758061E-01  3.764743E-01  3.771447E-01  3.778159E-01  3.784874E-01
  3.791591E-01  3.798307E-01  3.805025E-01  3.811741E-01  3.818458E-01
  3.825175E-01  3.831891E-01  3.838606E-01  3.845315E-01  3.852012E-01
  3.858676E-01  3.865246E-01  3.871564E-01  3.877193E-01  3.880948E-01
  3.880221E-01  3.875809E-01  3.870009E-01  3.863700E-01  3.857203E-01
  3.850638E-01  3.844048E-01  3.837448E-01  3.830845E-01  3.824241E-01
  3.817635E-01  3.811031E-01  3.804426E-01  3.797821E-01  3.791216E-01
  3.784611E-01  3.778007E-01  3.771405E-01  3.764807E-01  3.758222E-01
  3.751673E-01  3.745220E-01  3.739029E-01  3.733551E-01  3.730016E-01
  3.731002E-01  3.735473E-01  3.741245E-01  3.747495E-01  3.753921E-01
  3.760411E-01  3.766925E-01  3.773448E-01  3.779973E-01  3.786500E-01
  3.793027E-01  3.799555E-01  3.806082E-01  3.812609E-01  3.819137E-01
  3.825664E-01  3.832190E-01  3.838714E-01  3.845233E-01  3.851736E-01
  3.858196E-01  3.864540E-01  3.870569E-01  3.875739E-01  3.878568E-01
  3.876114E-01  3.869837E-01  3.862142E-01  3.853926E-01  3.845519E-01
  3.837042E-01  3.828539E-01  3.820026E-01  3.811510E-01  3.802993E-01
  3.794475E-01  3.785957E-01  3.777439E-01  3.768921E-01  3.760403E-01
  3.751884E-01  3.743363E-01  3.734837E-01  3.726297E-01  3.717720E-01
  3.709042E-01  3.700087E-01  3.690378E-01  3.678618E-01  3.661268E-01
  3.631719E-01  3.593871E-01  3.552959E-01  3.510923E-01  3.468474E-01
  3.425873E-01  3.383216E-01  3.340539E-01  3.297854E-01  3.255167E-01
  3.212478E-01  3.169790E-01  3.127100E-01  3.084412E-01  3.041723E-01
  2.999034E-01  2.956346E-01  2.913660E-01  2.870977E-01  2.828306E-01
  2.785666E-01  2.743109E-01  2.700782E-01  2.659078E-01  2.619072E-01
  2.582639E-01  2.548495E-01  2.515191E-01  2.482198E-01  2.449317E-01
  2.416479E-01  2.383655E-01  2.350838E-01  2.318022E-01  2.285207E-01
  2.252392E-01  2.219578E-01  2.186763E-01  2.153949E-01  2.121134E-01
  2.088320E-01  2.055505E-01  2.022690E-01  1.989873E-01  1.957053E-01
  1.924224E-01  1.891368E-01  1.858441E-01  1.825320E-01  1.791671E-01
  1.756955E-01  1.721594E-01  1.685995E-01  1.650310E-01  1.614593E-01
  1.578864E-01  1.543131E-01  1.507397E-01  1.471661E-01  1.435926E-01
  1.400191E-01  1.364455E-01  1.328719E-01  1.292984E-01  1.257248E-01
  1.221513E-01  1.185777E-01  1.150042E-01  1.114306E-01  1.078571E-01
  1.042835E-01  1.007100E-01  9.713655E-02  9.356330E-02  8.999059E-02
  8.641891E-02  8.284783E-02  7.927696E-02  7.570616E-02  7.213540E-02
  6.856465E-02  6.499390E-02  6.142315E-02  5.785241E-02  5.428166E-02
  5.071091E-02  4.714017E-02  4.356942E-02  3.999868E-02  3.642793E-02
  3.285718E-02  2.928644E-02  2.571569E-02  2.214495E-02  1.857420E-02
  1.500345E-02  1.143271E-02  7.861963E-03  4.291217E-03  7.204714E-04
]';
x4=o4(:);
t= 0.0000000E+00: 3.5976737E-03: 1.7952392E+00;
i=length(t);
j=length(x1);
if i < j
t(j) = t(i) + 3.5976737E-03;
end
clear o1
clear o2
clear o3
clear o4
